11
191
00001000000000000001000011000000000000000000000010000100000100100100001100001000000000000000110000000000000000000000000001000000010000001000000000000000100000000000000000000000000000000000001
193
0000000000001000000010000000000000000000000000000100000000000010000000000000011000100000000010000000000000010000000010001000000000000000000000100000000000000000011000101000000110000000100001000
194
00000100000000000010000000000101000000000010000010000000010000000000111000000000000000000000000000010000010000010000000000000000000000001000001001000000000000000000000000000010000000000000000000
198
000000000000010100011001100001000000000000000000000000000000000000000000000000000001000000000000000100000000000000000010000000000000000000000000000000000000000000000000000100000010000010000000000000
194
00010000000011000000010000000000011000000000000000001000000000000000000000000000000000100000010000000000000000000000000001000000000000000010000000000010000001000001001000001000000001010100000010
200
00100000000100000000000000000000100000000000000000000000000100000000000000000000000000001100000000000000000000001000000000001000000000010001000000000000000110100000000000000010100110000000000000100001
198
010110000000000000000010100000000000000000001000000000000001000000100000100100001000000000000000000000000000100100010010000000010000000000000110000000000000000100000001000000000000000000000000000000
191
00000000010000000000000000000010000000000000000001000011000010000000000010000000000001000000000000000000000000010000001010100000001000010000000000000000000000000010000100000000001000000000000
199
0000000000000000000000000010000100000000000000000100000000000000000000001010000000001000000000000000100000000000100000000000000000000000000000000010000000000010000000001000000000000000000000000000000
194
00000000000010001000000000100010000100000000000000000000110001001000000010000001000000000000000000000010000000000000001000000000000011000000000000010000000000000000000000000001000000000000000000
48
000011000000000000000000000000000010000000000000
