11
194
01110010010000000000000010100010100000001000010000000010000000000000100000100100110100000000110010000000110110010010110000000100000100000100000000000110001001010100011000000000001001000100010010
192
100001001010101100000000001010010000000000000100100000000001000100000000000000000001000000110010000000001100011001000100000010100000000010000010101001010101010001101000100001010001100000001000
198
000000000011101100100001000000000000000000000000010010000001000100100000100000000000000000100000000100001000010001111110010000000001000001000001010101000000001000001000011010000010000000100000010000
193
0010011010000110100010001101100000000000000100000000011000010001010010001110001000000000110100100000100010000110000011000000001010000000100000010001001000000010000000000100000000001011010100000
193
0000101011101100010000000100000000000110010100000010101001000000000000101000000000001100100000011100000110000000001010100001000001001001011000000000010010010000000001110000000110000001100000011
192
000000010011111010100000000000100011001000101011001001011001001111000010101001000001001000000000010101000100000001001001110001000000110010100000000010100000110010000110000001000001010110100000
200
00000001100000001000000000010000000001000001010001001000000000010000100110000011100010001000000100000000000000001000010010100000010000100110010000001011010000000110000001000110110000010000000100000011
191
10000000001000101000000010001111000100100000100000000000010000001000101000101000110000100000011100000110001000000000000100110100000010101000000001100000000000000000001000100110000100001000100
199
0000110101000010100000111110000010000001001100000000111000100000000000000000000000000000000100101000010000000100001100001000000100011000010000100000000111000000100000001110000010001100001010010000001
200
00000000011000000000110000000100010000000000000010000010001000010011000010011100000000000001000000100000001110010000110000000010110000011001000000001001110100000100000000001010001100000000101100001010
48
001010000011000011000000100100000001000000010100
