4593 5 4011
1 2 2 2 4 1 4 5 2 5 1 5 4 3 1 3 2 2 1 2 4 2 2 1 1 5 4 3 4 2 3 1 5 2 4 2 2 4 5 3 5 3 3 2 3 1 2 5 5 3 5 5 3 2 2 2 3 4 5 2 5 3 5 2 2 4 3 2 3 3 4 4 3 3 5 1 2 3 3 2 3 3 2 4 3 3 2 4 3 4 3 4 1 5 1 5 3 4 5 4 1 1 3 3 3 3 2 5 1 4 1 5 3 3 2 2 5 4 1 1 3 3 1 1 5 4 2 3 5 4 5 3 3 1 4 4 1 2 4 4 4 5 5 4 1 4 3 4 2 3 2 2 5 2 3 5 2 4 1 2 3 5 5 5 2 2 5 3 1 4 2 1 5 5 5 4 1 5 5 3 4 5 3 5 2 4 3 1 2 1 1 1 1 4 3 3 5 1 3 1 3 3 2 2 4 3 3 5 3 3 2 1 5 1 5 1 3 3 2 2 4 4 4 3 1 1 4 3 5 5 4 2 5 4 5 1 5 5 3 1 4 2 1 2 5 4 4 2 1 1 3 5 3 4 5 1 2 3 4 4 4 3 5 1 2 5 4 1 3 5 5 3 1 1 3 1 5 5 5 4 2 1 4 5 5 3 3 5 2 5 5 5 2 2 4 4 3 5 4 5 3 2 3 3 4 4 5 4 1 5 3 5 5 3 2 1 4 1 1 2 5 2 4 4 1 5 1 1 5 4 2 4 4 1 3 2 3 1 4 5 2 2 5 2 5 3 4 5 1 2 1 4 5 2 1 1 1 5 1 4 4 1 4 4 3 5 2 3 3 5 1 4 2 3 4 5 1 3 3 5 1 1 4 4 3 1 2 5 5 2 5 3 4 4 5 5 3 2 5 2 2 5 4 5 1 5 4 3 1 4 2 5 4 3 1 5 2 1 4 1 1 3 4 2 4 4 2 1 4 4 3 1 4 5 5 5 3 1 3 4 1 3 4 4 3 1 5 2 3 5 3 2 5 5 3 2 5 2 2 1 5 4 5 1 5 2 3 1 5 3 2 1 5 5 4 4 2 4 5 5 3 3 4 2 2 4 2 3 2 4 3 1 1 2 4 5 1 2 3 5 5 2 1 3 1 1 1 1 4 4 1 4 4 1 4 1 3 3 2 1 5 3 3 4 3 2 4 5 1 3 4 4 1 4 3 2 2 2 2 4 4 1 1 4 5 3 1 5 1 5 1 4 3 4 2 2 2 4 3 1 3 4 3 5 4 3 1 2 3 3 3 5 4 2 2 2 2 4 5 4 1 3 4 2 2 2 4 2 3 4 3 3 5 2 1 3 1 5 2 3 1 1 2 1 1 5 5 3 4 4 5 1 5 3 4 1 5 3 1 2 3 3 1 3 5 2 4 3 3 3 5 5 5 3 1 1 3 1 1 5 2 4 4 1 3 4 5 3 1 3 5 3 3 5 5 5 4 4 2 5 2 4 1 4 5 1 1 4 2 2 2 4 4 2 3 5 3 2 5 5 3 4 4 4 1 1 5 3 3 5 1 4 5 5 5 5 2 3 2 5 4 3 5 2 2 4 3 3 5 4 2 2 2 1 1 3 1 5 2 4 2 3 1 1 2 2 5 3 1 5 2 4 4 2 5 3 2 4 4 1 5 3 5 2 2 3 4 5 5 5 4 2 1 4 1 3 4 5 4 5 1 5 5 1 3 2 2 3 5 1 1 1 2 4 4 4 4 2 3 3 4 4 1 4 1 3 4 5 3 3 4 5 1 1 2 1 2 5 5 2 4 3 3 5 1 4 5 3 2 5 1 5 1 5 2 5 4 2 4 5 1 5 1 1 1 2 5 5 4 2 2 1 5 3 5 2 3 2 1 1 2 2 3 5 4 5 2 3 2 4 3 2 4 3 2 2 4 4 5 2 1 5 1 1 3 5 2 3 2 3 3 2 4 1 3 3 3 3 1 5 2 5 2 5 2 5 5 5 1 4 4 5 2 2 4 2 5 1 5 4 5 2 5 4 4 2 4 4 3 5 2 3 2 1 3 5 4 3 2 3 5 4 5 4 5 2 3 5 3 3 4 1 4 1 3 1 2 4 1 1 2 5 4 3 2 4 4 2 5 5 5 1 2 3 1 1 3 4 4 1 2 2 4 1 4 4 2 1 4 5 2 4 1 2 4 4 2 5 5 4 3 1 4 4 2 2 3 5 2 5 1 5 5 4 3 3 4 4 5 3 3 4 3 4 2 3 4 3 1 1 4 2 1 2 4 4 1 2 1 5 5 3 3 3 5 3 2 3 5 2 1 2 5 4 3 4 3 1 5 1 5 3 4 3 2 4 1 3 2 4 2 4 2 2 2 5 1 2 1 5 5 2 3 3 2 2 5 3 1 1 3 3 3 5 5 5 5 2 3 2 2 3 1 5 2 2 4 2 3 4 4 4 3 5 5 3 4 2 2 3 3 2 4 3 2 2 5 5 4 1 3 5 5 4 1 4 4 3 1 4 1 1 4 2 3 3 2 5 2 3 5 5 2 5 4 1 4 2 3 5 2 4 1 4 3 2 5 4 1 5 2 2 2 1 4 1 2 1 1 1 3 4 5 3 1 4 4 4 5 3 3 3 1 1 5 2 2 4 1 1 3 2 4 1 5 2 1 4 1 5 2 5 1 2 1 1 2 1 2 1 4 5 5 5 5 3 5 3 2 4 5 4 2 3 2 5 2 4 1 1 1 2 3 2 5 2 5 1 2 4 1 5 2 5 5 1 1 5 2 5 5 1 3 2 4 5 5 2 1 1 1 3 1 4 1 3 5 1 3 5 4 5 4 2 3 2 5 2 3 3 5 5 3 5 1 3 3 1 5 2 3 1 1 2 3 4 5 4 3 4 4 2 4 4 2 3 1 2 4 3 1 3 4 4 4 5 3 2 3 2 2 2 4 3 3 2 1 2 5 5 2 3 1 3 5 1 3 1 2 5 2 4 3 1 2 3 1 5 4 4 3 4 3 2 5 2 2 2 2 1 2 3 3 1 4 3 2 2 4 2 4 5 2 3 3 4 3 1 5 1 2 2 1 3 1 3 4 3 2 3 5 3 5 1 5 5 1 2 4 2 5 4 4 4 3 4 1 2 4 2 1 1 4 4 2 1 2 3 3 5 2 4 1 3 3 5 2 1 5 1 3 4 1 1 2 1 3 4 1 5 5 3 1 5 3 1 5 5 4 3 4 1 3 4 4 2 2 2 2 4 3 1 1 1 4 4 5 4 1 3 1 1 5 4 3 4 4 1 3 2 3 5 5 5 2 5 5 2 2 1 1 1 4 4 1 3 5 5 5 3 2 5 2 1 1 2 5 1 1 1 4 3 4 5 2 5 4 3 4 5 1 4 3 3 5 2 4 2 5 5 5 5 2 1 5 1 1 4 4 5 4 1 1 4 3 3 5 1 2 2 2 4 3 4 1 2 4 4 5 4 3 4 5 1 4 2 5 2 2 3 5 5 5 3 1 4 4 3 3 3 3 1 2 5 2 3 4 1 2 1 1 2 3 4 4 4 2 4 2 1 2 1 5 5 5 2 5 2 3 2 1 5 4 3 2 5 5 5 1 2 2 4 4 1 1 4 2 2 3 3 3 1 2 4 2 2 1 1 4 2 2 4 2 1 4 4 5 4 5 5 1 3 5 3 1 2 4 5 4 5 3 1 1 2 1 1 1 3 2 1 4 2 5 4 3 5 1 3 4 2 4 2 4 3 5 2 2 5 4 2 3 5 4 5 1 4 5 1 3 4 5 3 3 4 1 1 4 1 5 5 1 2 3 2 3 5 5 5 1 4 1 3 1 1 2 4 3 4 5 5 1 3 3 5 1 5 3 1 5 5 1 1 4 5 2 5 3 1 3 2 1 5 1 2 1 1 3 2 4 4 3 2 3 5 4 4 2 1 5 3 4 2 3 4 5 1 3 4 2 5 3 5 2 1 2 5 5 1 1 3 3 4 4 5 2 2 2 2 4 1 3 3 1 4 4 4 5 2 4 1 4 2 2 2 5 4 2 5 3 3 4 2 1 1 5 1 1 4 3 5 4 1 3 2 2 1 3 4 5 4 3 5 1 2 1 1 4 5 1 4 3 1 1 3 4 3 5 4 4 3 5 4 1 4 1 1 5 1 5 4 2 1 4 4 2 2 1 3 2 1 4 1 1 3 4 4 4 1 3 2 1 1 3 1 3 3 4 2 2 5 5 5 5 4 3 1 1 1 5 5 2 1 5 5 4 3 5 2 4 5 4 3 1 1 3 3 1 5 5 4 2 5 1 3 3 2 3 4 1 4 5 4 1 5 1 1 5 1 3 1 3 2 5 5 3 3 2 5 1 4 1 5 1 2 1 3 3 3 2 1 5 1 5 4 4 1 5 4 3 1 5 4 3 5 3 5 5 5 1 2 4 2 2 1 5 1 2 3 4 2 2 1 5 2 2 1 2 1 5 5 4 5 2 4 1 3 3 2 2 3 4 4 1 5 4 2 4 3 5 1 5 1 2 3 1 3 4 3 4 4 4 4 4 2 5 5 1 5 2 4 5 5 4 3 2 1 2 4 3 4 4 1 1 5 5 5 3 1 2 5 2 1 1 3 5 3 4 3 2 2 3 4 1 1 3 1 5 3 5 2 2 3 3 3 2 5 5 5 3 2 2 4 5 4 2 2 2 1 4 5 1 5 1 2 5 1 2 5 2 4 4 5 1 4 3 4 2 3 5 1 2 1 3 5 2 4 4 3 3 2 5 3 1 3 1 2 3 3 2 3 2 5 1 4 1 4 1 1 3 2 2 3 4 1 1 1 2 3 1 4 3 1 2 3 4 3 4 2 5 5 3 1 5 5 4 2 3 2 3 5 5 5 5 3 2 4 1 1 3 2 3 2 2 5 3 2 3 5 3 2 5 4 4 1 5 1 4 5 4 2 3 1 3 4 3 2 1 5 2 5 1 3 3 4 3 5 1 2 5 1 1 5 4 3 1 4 3 2 4 3 1 4 1 4 2 1 2 2 2 4 3 4 1 1 1 2 1 2 5 4 2 1 1 5 5 5 3 1 4 5 1 4 4 4 3 2 2 4 2 3 4 1 1 2 3 5 5 2 3 4 2 1 5 1 1 1 4 3 4 3 2 2 4 2 5 1 4 3 4 1 4 4 1 4 3 5 3 2 5 3 1 3 3 2 1 4 3 2 4 4 2 1 4 4 2 4 2 2 3 2 2 2 3 3 2 3 5 2 3 4 5 2 2 1 2 4 1 4 3 1 2 4 5 5 1 4 1 5 2 1 2 1 2 4 3 1 5 1 4 5 4 1 4 2 5 2 5 2 1 4 4 3 1 4 4 3 1 4 3 2 1 2 3 4 5 5 1 1 1 3 4 1 4 1 3 2 5 1 3 5 2 4 5 4 2 3 3 4 1 1 1 4 2 2 2 5 1 3 2 4 5 2 5 2 1 3 1 3 4 4 2 2 3 4 3 1 3 4 2 4 4 5 1 2 4 2 1 3 1 5 4 3 5 3 2 3 3 3 5 2 4 1 5 5 3 1 4 5 3 1 5 5 4 2 2 4 1 1 4 2 2 3 1 4 1 3 3 1 5 3 3 3 4 5 1 1 4 2 5 1 2 4 1 3 1 4 4 4 3 2 4 1 2 2 4 4 4 3 4 5 3 4 4 5 4 3 2 4 1 1 1 1 2 1 5 1 3 3 4 4 4 3 5 5 3 4 3 5 5 4 1 5 2 5 5 1 3 4 2 2 2 1 2 5 2 5 3 4 3 2 5 1 5 3 2 5 4 2 5 5 1 2 1 1 3 5 1 3 1 1 4 4 4 4 4 5 4 5 4 4 5 2 4 2 2 4 5 3 4 4 3 4 1 3 1 3 5 1 1 5 5 1 4 3 3 4 4 5 2 2 1 4 1 2 2 5 2 4 3 1 5 3 2 2 1 2 2 3 2 3 5 1 4 4 2 1 2 5 3 4 4 4 3 1 3 5 5 2 1 4 3 2 1 3 3 4 2 4 4 5 3 4 1 3 2 1 3 3 5 3 3 5 4 1 4 2 5 2 4 1 4 3 3 2 2 4 5 1 2 1 3 2 4 4 5 2 3 4 2 5 2 1 4 4 5 3 4 5 1 5 2 3 2 4 4 2 3 5 4 1 3 5 3 3 2 3 5 5 4 2 5 4 2 4 4 2 1 2 4 2 3 1 5 1 3 5 4 4 4 4 3 5 2 4 4 5 5 1 1 1 5 3 1 3 4 1 5 5 5 2 1 3 5 4 2 5 3 2 3 5 3 2 3 1 4 4 2 2 1 2 2 1 5 5 5 4 5 2 4 2 5 4 3 5 1 5 2 5 1 2 5 1 3 1 2 3 1 4 3 4 3 1 5 5 3 2 1 2 1 4 5 3 4 1 1 1 5 1 5 4 2 5 4 4 5 1 5 2 2 4 3 2 2 5 3 3 4 4 4 2 5 2 5 4 4 4 1 3 1 2 4 3 1 4 3 4 2 1 2 1 1 1 3 3 4 1 2 1 2 3 4 2 4 3 2 1 4 5 4 1 2 5 4 1 5 2 4 3 4 5 5 5 4 3 2 5 3 3 5 1 2 3 3 4 2 5 5 4 4 2 3 4 4 5 2 2 2 4 2 1 1 4 2 1 1 4 1 1 1 3 3 4 2 2 3 5 2 3 1 4 1 4 1 4 1 1 3 4 4 5 5 1 4 1 1 2 4 5 1 1 1 4 3 5 2 5 1 2 4 3 3 3 3 2 1 3 1 2 2 3 5 4 2 4 3 3 3 2 1 4 3 1 1 5 3 2 5 2 3 5 2 3 2 1 2 2 5 2 1 3 4 1 3 3 4 4 3 1 2 4 1 5 1 3 5 4 3 3 3 4 4 4 5 5 4 1 2 2 1 5 3 1 3 2 2 3 3 3 5 2 2 5 1 3 2 2 3 5 4 1 3 1 3 5 5 4 2 1 2 2 5 5 3 2 5 1 1 5 1 1 1 5 5 5 1 5 4 3 1 5 5 2 4 4 5 3 1 2 2 1 3 2 2 1 2 3 2 5 2 5 2 2 1 2 4 1 4 3 4 5 5 2 3 4 4 1 2 3 1 3 5 3 4 5 1 5 4 1 4 1 2 1 2 1 5 4 2 1 1 4 2 2 5 4 1 5 3 3 1 1 3 3 5 3 2 4 5 2 5 4 4 4 2 4 3 3 1 2 5 3 5 4 5 5 5 5 3 3 4 3 3 4 5 1 1 1 4 2 2 3 3 5 3 4 5 3 2 4 5 5 1 5 2 3 4 3 1 1 1 1 2 3 1 5 2 5 2 3 4 4 3 4 5 2 2 1 5 5 1 1 2 5 3 3 5 4 1 3 3 1 1 5 5 1 1 3 4 4 4 2 2 1 3 2 1 4 4 2 4 5 4 2 5 1 4 3 3 4 3 2 1 4 4 4 3 2 1 2 5 5 4 2 3 2 1 1 1 3 2 3 1 2 1 2 4 1 4 5 2 5 3 2 1 2 2 2 2 5 2 3 4 3 5 5 5 2 2 1 1 4 3 5 5 3 1 1 1 2 4 4 2 2 4 3 5 3 5 4 1 1 2 5 5 5 2 4 1 3 5 5 3 1 4 4 5 2 2 4 1 3 2 3 4 2 2 3 4 2 1 4 5 1 3 1 2 1 5 1 5 4 1 4 5 4 2 3 2 3 1 1 2 2 4 1 4 3 5 1 2 2 3 4 4 4 2 1 2 1 1 2 2 3 2 4 1 1 2 3 4 5 2 4 4 2 5 2 2 2 5 5 4 4 2 2 3 1 4 5 4 3 4 3 5 1 5 2 4 4 5 3 1 2 5 1 5 3 5 4 1 1 5 2 1 4 3 3 3 4 3 1 2 2 1 5 2 3 4 1 5 4 4 4 4 3 4 2 3 3 3 2 5 5 3 4 3 3 5 1 2 5 3 5 2 5 2 3 2 3 2 2 2 1 5 5 2 2 3 4 3 3 1 4 3 2 1 2 3 2 5 5 5 5 3 3 3 3 5 4 4 5 1 4 2 1 1 5 3 4 1 5 3 3 5 4 1 2 3 3 2 1 2 3 2 2 2 3 1 2 3 4 3 1 2 5 3 5 1 3 2 1 5 5 3 3 4 2 4 4 4 4 4 3 4 4 4 5 5 4 4 1 5 5 3 1 1 4 3 1 3 1 4 4 5 4 1 1 4 5 4 4 1 2 5 3 2 4 5 4 3 3 2 3 2 4 3 1 2 5 3 3 5 4 4 3 2 3 2 4 4 4 2 1 5 1 2 3 3 4 3 3 1 5 5 1 5 3 4 1 3 3 1 4 2 3 1 4 3 4 1 1 2 2 1 5 3 3 5 5 5 4 1 1 5 4 4 1 5 3 4 1 3 3 5 4 5 5 2 1 3 2 5 2 4 2 3 3 1 3 3 3 1 3 5 2 2 5 3 3 4 2 4 1 5 4 1 5 3 3 3 4 3 4 3 1 2 2 2 5 5 3 4 1 2 5 1 1 5 3 4 3 3 4 5 5 2 3 2 3 1 3 3 2 1 5 1 2 5 3 3 5 4 5 4 4 4 4 5 1 5 4 2 2 4 1 1 5 4 3 4 2 3 2 2 4 1 1 2 1 4 3 2 2 4 2 3 5 4 5 5 5 3 4 1 4 2 1 4 5 4 4 3 3 1 1 4 5 1 3 1 1 5 4 5 3 2 2 3 2 2 2 2 2 5 5 3 5 2 3 1 4 5 2 3 2 4 1 3 1 3 3 5 1 1 2 2 3 1 1 4 5 3 2 1 4 1 2 3 5 2 2 1 5 4 2 5 4 2 3 4 4 5 1 4 1 3 3 5 4 5 5 2 1 4 1 1 4 4 2 4 4 4 5 5 4 5 1 1 1 2 3 2 3 2 4 4 1 3 3 4 4 3 5 1 2 5 4 1 2 1 4 4 5 1 1 5 1 2 3 3 3 2 3 2 2 5 3 2 1 3 2 4 3 1 1 2 1 4 3 4 2 2 5 3 2 4 1 3 1 5 3 3 3 2 4 3 5 4 1 2 1 5 1 4 1 1 2 3 3 3 3 2 3 4 1 1 4 5 3 1 1 3 1 2 1 3 1 5 3 1 2 4 4 4 5 5 4 3 2 3 5 2 1 3 3 3 4 3 5 5 4 2 5 5 4 3 5 1 3 2 3 2 5 5 3 1 2 4 4 3 3 3 5 2 2 2 1 3 2 1 4 3 2 1 5 5 5 1 1 4 1 2 4 3 2 2 4 4 3 5 2 1 2 5 5 4 1 3 4 2 4 3 5 2 4 5 2 1 2 5 3 1 1 2 1 3 3 2 4 2 5 5 4 3 4 4 2 3 5 2 3 3 3 5 2 3 5 5 4 3 1 4 5 5 3 4 1 1 2 1 2 5 2 1 3 4 5 1 4 3 3 5 5 1 2 3 3 1 1 5 5 1 2 1 3 4 2 2 1 1 2 2 4 1 3 4 5 1 4 3 4 4 2 1 5 3 2 4 5 4 5 5 1 4 2 4 1 1 2 1 5 1 2 2 3 3 1 4 1 2 3 2 5 3 1 5 4 4 5 4 3 2 5 4 3 5 4 4 2 1 1 2 2 4 4 2 1 4 5 1 1 2 1 4 3 3 1 2 1 3 5 1 1 5 1 3 2 5 1 4 3 2 3 5 4 5 2 4 1 5 3 2 2 5 3 2 2 5 1 4 3 4 4 5 4 2 1 1 4 3 4 1 3 2 1 5 1 4 3 5 4 4 5 1 2 1 3 1 4 5 4 4 4 3 1 2 4 5 2 2 3 4 4 1 5 5 5 4 2 2 4 1 5 4 2 5 4 3 1 5 1 1 4 2 5 5 1 2 1 2 3 4 5 5 2 5 5 2 5 1 1 2 1 4 3 1 3 2 2 4 5 2 3 5 4 2 1 4 4 5 3 3 2 5 3 1 5 4 3 5 5 5 1 1 1 3 4 2 2 4 5 3 3 3 5 1 4 2 1 5 5 5 3 4 1 3 4 4 4 5 4 2 1 4 1 1 5 4 2 3 2 1 2 3 4 3 5 5 5 1 5 1 1 5 5 4 5 4 2 5 2 3 4 2 1 3 4 1 5 2 1 3 1 1 5 3 5 3 5 4 3 1 3 1 4 5 4 2 5 4 5 5 5 5 1 4 4 2 3 4 3 4 2 1 2 1 1 4 1 5 3 1 3 3 
1 1145 5
1 33 1
1 110 5
1 125 2
1 162 3
2
2
2
2
1 157 5
1 161 2
2
1 168 4
2
1 188 3
2
1 253 5
1 242 5
2
2
1 265 2
1 265 4
2
1 256 4
1 315 5
2
1 340 5
1 340 3
2
1 350 1
1 369 4
1 370 2
2
1 374 4
1 387 3
2
1 413 4
2
1 415 3
2
2
2
1 415 5
1 412 3
1 447 1
1 498 1
2
2
2
1 525 4
1 530 1
2
2
2
2
1 568 1
2
2
2
1 716 2
2
2
1 625 5
2
1 624 5
1 730 2
1 809 3
1 917 2
1 941 5
1 1032 5
1 1139 4
1 1185 1
1 1241 3
1 1243 1
2
2
2
2
2
1 1287 4
1 1334 5
1 1335 4
1 1413 1
2
1 1412 5
1 1574 5
2
1 1578 2
2
1 1601 4
1 1647 2
1 1667 2
2
1 1760 3
1 1757 3
2
2
2
2
1 1762 2
1 1761 3
2
2
1 1766 3
1 1833 3
2
2
1 1822 5
2
1 1829 1
1 1921 4
1 1950 4
2
1 1949 2
1 1987 2
1 1987 4
1 2005 5
1 2043 4
1 2046 3
2
2
1 2020 3
1 2118 1
1 2118 3
1 2119 3
1 2122 3
1 2142 3
1 2225 3
1 2228 3
1 2186 2
1 2211 3
1 2210 4
1 2214 2
2
2
1 2293 3
1 2868 1
1 2437 2
2
1 2305 5
2
2
1 2304 4
2
1 2362 4
2
2
2
1 2359 5
1 2401 3
2
1 2377 2
1 2413 1
2
2
1 2418 2
1 2479 1
1 2579 4
1 2657 2
2
2
1 2658 5
1 2591 1
1 2670 2
1 2680 5
1 2687 4
1 2687 5
1 2690 3
2
1 2760 2
1 2780 5
2
1 2779 2
2
1 2811 2
2
2
2
2
2
1 3155 5
1 3154 5
2
1 2947 5
1 2934 5
1 2998 2
1 3023 2
2
2
2
1 3028 3
1 3025 3
2
1 3022 3
1 3069 3
2
2
1 3120 5
1 3273 3
2
1 3334 5
1 3416 5
1 3521 1
1 3522 1
1 3466 5
1 3486 5
1 3485 4
2
2
1 3508 1
2
2
1 3533 1
2
1 3535 5
2
1 3536 5
1 3543 5
2
2
2
2
1 3547 3
1 3625 5
1 3643 2
2
1 3642 4
1 3691 5
2
1 3707 2
2
1 3705 3
2
1 3708 4
1 3823 3
2
1 3948 4
1 3949 3
1 3926 5
2
2
2
1 3928 3
2
1 3927 2
1 3930 1
2
1 3958 2
2
1 3953 2
2
2
1 4012 2
1 4056 4
2
2
1 4065 2
1 4098 2
1 4133 4
1 4134 2
1 4151 1
1 4232 3
1 4169 5
1 4169 1
2
1 4272 2
2
2
1 4275 5
1 4360 1
2
1 4349 5
2
1 4366 4
1 4367 1
2
1 4363 1
2
1 4406 5
1 4404 1
2
1 4405 1
1 4424 3
1 4442 1
2
2
1 4441 3
1 4465 2
2
2
2
1 4464 4
1 4465 1
1 4461 5
1 4493 5
1 4516 5
1 4519 3
2
1 4516 2
1 4548 2
1 72 4
1 73 3
2
1 73 2
2
1 74 3
1 73 2
1 75 4
2
1 9 1
1 16 1
1 15 5
1 14 5
2
1 27 1
1 26 5
1 30 4
1 124 5
1 125 5
1 125 3
1 124 4
1 118 1
1 161 1
2
2
1 159 3
1 160 5
1 248 4
2
1 244 5
2
2
1 282 4
2
1 342 4
1 340 3
2
1 341 5
1 340 3
1 341 3
1 345 2
1 349 3
1 351 4
1 349 4
2
1 345 5
2
1 374 3
2
2
1 375 5
1 375 1
2
1 374 2
1 369 3
1 362 5
1 414 5
1 412 3
1 410 2
1 410 4
2
2
1 410 3
1 410 2
1 410 5
2
2
1 409 5
1 462 1
2
1 474 5
1 475 5
2
2
1 495 1
1 521 4
1 552 5
1 555 4
1 551 1
2
1 552 3
2
2
2
1 718 2
2
1 594 1
1 581 5
2
1 616 1
1 617 1
2
2
1 627 1
1 637 4
1 643 5
1 642 4
2
2
2
1 643 4
2
1 644 1
1 642 5
1 645 4
1 790 3
1 791 5
1 735 2
2
2
2
1 737 1
1 728 1
1 740 1
1 744 4
1 745 3
1 804 2
1 805 2
1 845 3
1 834 2
1 945 2
1 942 2
2
2
1 943 3
1 941 2
1 981 3
1 978 4
2
1 978 2
2
2
2
2
1 980 1
1 981 5
2
1 1042 4
1 1040 5
1 1034 1
1 1082 5
1 1107 5
1 1109 1
1 1217 4
1 1216 5
2
1 1218 4
1 1217 2
2
2
2
1 1218 4
1 1214 2
1 1244 1
1 1366 4
1 1370 5
2
2
1 1370 2
2
1 1366 2
1 1331 3
1 1329 4
1 1419 5
2
2
2
1 1420 2
2
2
1 1418 5
1 1420 5
1 1421 5
1 1430 3
1 1467 1
2
2
1 1503 1
1 1504 5
1 1504 2
2
1 1506 3
1 1516 2
2
1 1511 1
2
2
1 1514 3
2
1 1513 4
1 1512 1
1 1515 4
2
2
2
2
1 1539 3
1 1539 5
2
2
1 1542 1
1 1542 4
1 1543 5
2
1 1556 1
2
2
1 1555 1
2
2
1 1572 5
1 1648 4
1 1647 5
2
1 1646 5
1 1654 4
2
1 1659 1
1 1659 2
2
2
1 1662 2
2
1 1660 3
1 1684 2
1 1683 5
1 1689 4
2
1 1684 3
1 1718 5
1 1716 5
2
1 2012 3
1 2016 4
1 2012 5
1 2009 1
2
1 2010 3
2
1 2009 1
1 2012 2
1 2011 3
1 2011 3
1 2011 2
1 2013 2
1 1736 5
2
2
1 1733 3
1 1834 3
2
2
1 1810 3
1 1812 2
1 1810 4
2
2
2
1 1812 1
1 1810 1
2
2
1 1810 3
2
1 1808 4
1 1826 2
1 1903 5
1 1903 5
1 1904 2
1 1906 2
1 1926 4
1 1909 4
1 1908 2
1 1910 5
2
2
1 1912 5
2
1 1946 4
1 1988 2
1 2006 4
1 2008 3
1 2114 4
2
1 2116 5
1 2117 4
2
1 2118 5
1 2120 2
1 2170 3
2
2
1 2172 5
1 2202 2
1 2203 1
2
1 2224 1
1 2282 5
2
1 2283 5
1 2290 3
2
1 3441 5
1 3445 3
1 2318 2
2
2
2
2
1 2314 2
2
2
2
2
2
1 2315 5
1 2316 5
2
1 2316 3
2
2
1 2313 4
1 2352 5
2
2
1 2349 5
1 2406 3
1 2403 2
2
1 2407 1
1 2404 2
1 2387 5
1 2389 5
2
2
1 2389 1
1 2389 1
1 2391 4
2
2
1 2389 1
2
2
2
1 2389 5
1 2389 2
1 2376 5
1 2374 4
1 2374 2
2
1 2375 2
2
2
1 2480 4
2
2
1 2467 5
1 2469 1
2
1 2467 5
1 2465 2
2
1 2467 5
1 2467 3
2
1 2468 1
2
2
2
2
1 2466 2
1 2471 2
1 2489 2
1 2485 5
2
2
2
2
2
2
1 2549 3
1 2524 5
2
2
2
1 2575 2
1 2575 2
2
1 2574 2
1 2724 1
2
1 2727 4
2
1 2592 4
1 2589 2
1 2592 2
1 2587 3
1 2588 1
1 2676 3
1 2674 3
2
1 2672 3
1 2714 2
2
2
1 2700 1
1 2717 2
1 2746 2
1 2751 3
2
2
1 2748 1
2
2
1 2749 2
1 2750 2
2
1 2737 3
2
1 2741 2
1 2740 3
1 2733 2
1 2734 2
2
2
1 2741 4
1 2824 5
1 2844 1
2
1 2840 2
2
1 2841 1
1 2847 1
2
2
1 3153 5
1 2943 5
1 2949 1
1 2889 5
1 2887 5
2
1 2887 1
1 2887 1
2
1 2891 2
1 2959 4
2
1 2959 1
1 2997 2
1 2995 2
1 3038 5
2
2
2
2
2
2
2
1 3039 2
2
1 3040 2
1 3071 1
1 3077 3
2
1 3077 1
1 3082 5
1 3082 4
2
2
2
1 3123 5
2
1 3149 4
2
2
2
2
1 3186 3
1 3217 3
1 3213 3
1 3214 1
2
2
1 3269 1
1 3266 2
2
2
2
1 3236 1
1 3238 1
2
2
2
1 3295 3
1 3294 3
1 3345 1
1 3353 3
2
1 3355 2
2
2
2
1 3369 4
2
1 3372 1
2
1 3373 5
1 3369 5
1 3410 1
1 3411 3
2
2
2
2
1 3388 2
1 3391 2
1 3390 3
2
1 3430 4
1 3426 4
2
1 3440 5
1 3437 1
2
1 3513 2
1 3514 4
1 3520 4
1 3455 1
1 3455 2
1 3451 5
1 3470 5
1 3471 5
1 3532 5
2
2
1 3540 2
2
2
2
2
1 3546 4
2
1 3548 1
2
2
1 3546 1
1 3545 1
1 3566 2
2
2
1 3565 3
1 3564 5
1 3615 1
2
1 3616 4
1 3647 3
1 3711 4
2
1 3725 4
2
1 3726 5
1 3775 2
2
2
2
2
1 3776 5
1 3777 1
1 3776 5
1 3776 4
2
2
2
1 3772 4
1 3781 2
1 3770 5
1 3800 1
1 3798 4
1 3800 3
2
2
2
1 3820 3
2
1 3818 2
2
1 3821 4
2
1 3821 4
1 3818 5
2
1 3822 4
2
1 3870 1
2
1 3947 3
1 3912 1
1 3891 4
2
2
1 3933 2
1 3972 5
1 3950 3
2
1 4015 1
1 4303 4
1 4304 4
1 4054 4
1 4124 5
1 4131 2
1 4132 3
1 4232 1
1 4233 1
1 4234 2
1 4234 3
1 4235 1
1 4177 5
2
2
2
1 4177 3
1 4176 1
1 4174 4
2
2
2
1 4176 4
2
1 4225 3
1 4273 1
2
2
1 4269 3
1 4274 3
1 4274 1
1 4251 5
1 4251 5
1 4253 1
2
2
1 4252 3
2
1 4254 5
1 4252 1
1 4264 2
2
1 4265 2
1 4269 5
1 4298 2
1 4319 3
1 4316 5
1 4317 2
1 4409 3
1 4391 3
2
2
2
2
2
1 4392 4
1 4394 1
1 4387 5
1 4384 3
1 4382 1
2
1 4381 4
1 4382 4
1 4382 3
1 4386 5
1 4419 5
2
2
2
1 4522 2
2
2
1 4522 5
2
1 4524 5
1 4519 5
1 4456 2
2
1 4472 4
2
1 4497 2
1 4493 2
1 4492 1
1 4491 5
1 4541 3
1 4541 4
2
1 4574 3
1 4567 2
2
1 4566 5
1 4564 2
1 148 2
2
1 146 1
1 144 5
2
2
1 29 5
2
2
1 34 1
1 40 4
1 40 3
2
2
2
1 38 1
1 36 1
2
2
1 38 4
1 36 2
1 40 4
1 43 3
2
1 40 3
1 36 2
1 36 3
1 37 5
1 129 5
1 126 1
2
2
2
1 129 1
2
1 130 5
1 129 2
1 127 5
2
2
1 128 4
2
1 129 3
1 216 2
1 189 5
1 189 4
1 185 5
1 228 4
1 278 2
2
1 280 5
2
2
2
1 319 4
1 317 2
1 319 5
2
2
1 338 5
1 335 4
1 335 1
2
1 339 5
1 336 1
1 349 2
1 348 5
2
1 346 5
1 373 3
1 375 2
2
2
1 375 4
1 378 4
1 374 5
1 372 1
1 372 4
1 371 4
1 384 1
1 415 1
2
1 412 1
1 411 3
1 416 4
2
1 411 3
1 416 1
1 413 3
2
2
1 417 3
1 447 3
1 445 1
1 444 2
2
2
2
1 474 4
2
1 471 1
2
1 494 1
1 523 3
2
2
1 524 4
2
2
2
1 526 3
2
2
2
2
1 555 5
1 559 4
1 556 4
2
2
2
1 559 2
1 563 5
1 562 2
2
1 562 5
1 560 3
2
2
2
1 555 5
1 555 5
1 553 5
1 553 3
2
1 556 2
2
1 555 1
1 554 4
2
1 555 5
2
1 556 1
2
2
1 553 5
1 559 4
1 560 3
2
2
1 558 4
1 555 5
1 560 2
1 555 3
1 553 5
1 555 1
2
1 557 3
2
1 558 3
1 560 4
1 570 1
1 573 5
1 594 5
2
1 609 1
1 714 5
1 750 2
2
2
1 754 2
1 756 1
1 738 5
2
1 738 5
1 737 5
2
1 738 2
1 737 2
2
2
1 739 2
1 743 1
2
1 739 5
2
2
1 738 2
1 743 5
2
1 742 4
1 741 1
2
2
1 740 2
2
1 740 1
1 741 1
2
1 737 4
2
1 736 3
1 736 3
2
1 736 2
1 769 4
1 769 1
1 805 3
1 798 4
1 800 5
2
1 802 5
1 909 3
2
1 908 1
2
2
1 910 1
1 903 5
2
1 903 2
2
1 931 4
1 929 1
1 924 2
2
1 926 3
2
2
2
1 988 3
1 989 3
1 987 4
2
1 990 2
1 987 1
2
1 992 3
2
2
1 991 4
1 987 5
1 986 2
1 987 3
2
1 982 4
2
1 1041 3
1 1017 1
2
1 1016 1
1 1030 4
1 1030 2
1 1030 3
2
2
2
2
2
2
1 1087 4
1 1084 3
1 1084 4
2
1 1082 3
2
1 1105 3
1 1103 4
1 1105 2
2
2
1 1103 1
1 1136 3
2
2
2
1 1125 5
2
1 1125 3
1 1125 4
1 1125 5
2
2
1 1123 5
1 1119 4
2
1 1118 3
2
1 1121 2
2
2
1 1121 1
1 1121 4
1 1126 4
2
2
1 1123 3
1 1123 5
2
2
1 1119 1
1 1124 1
2
1 1128 3
1 1126 1
2
1 1160 5
2
1 1160 4
2
1 1158 4
2
2
2
2
2
2
1 1159 1
1 1157 2
2
2
2
2
1 1159 1
2
2
1 1158 1
1 1163 2
1 1163 5
1 1157 3
2
1 1178 5
1 1178 4
1 1176 2
1 1175 4
1 1262 4
1 1264 2
2
2
2
2
2
2
2
1 1259 4
2
2
1 1241 4
1 1318 3
1 1315 2
2
2
2
1 1317 2
1 1377 1
1 1408 3
2
1 1406 2
2
1 1427 1
1 1428 5
2
2
1 1575 2
2
1 1578 2
1 1579 5
1 1578 4
1 1577 3
1 1577 5
1 1577 5
1 1575 1
1 1578 4
1 1582 3
2
1 1573 1
2
1 1511 4
1 1468 4
2
1 1472 5
1 1467 2
1 1463 5
1 1465 2
1 1463 3
1 1497 2
1 1549 3
1 1546 2
1 1547 1
2
2
1 1547 4
1 1547 1
1 1544 2
1 1544 4
2
2
1 1543 1
2
2
1 1510 4
1 1535 1
1 1534 2
2
1 1530 1
1 1535 5
2
1 1531 1
1 1540 2
1 1537 1
1 1536 1
1 1608 5
2
1 1609 2
2
2
2
1 1660 1
1 1663 2
1 1660 2
2
1 1683 3
2
1 1685 3
2
2
2
2
1 1710 5
2
1 1699 3
1 1700 4
1 1700 5
1 1702 2
1 1698 4
1 1702 5
1 1701 1
1 1701 2
2
1 1701 3
1 2008 2
2
1 2005 3
1 2010 1
1 1794 1
1 1796 2
1 1792 1
1 1794 1
1 1792 1
1 1792 2
2
1 1791 4
1 1761 4
1 1762 4
2
1 1753 1
2
1 1751 1
2
1 1753 1
1 1757 1
1 1768 2
2
2
1 1784 5
1 1780 1
1 1785 1
2
1 1786 2
2
1 1783 2
1 1781 3
1 1784 4
1 1781 2
2
1 1831 1
1 1829 1
2
2
1 1829 2
1 1831 3
2
1 1829 1
2
2
1 1826 2
2
1 1832 3
2
1 1942 3
2
2
2
2
1 1884 1
1 1887 1
1 1979 4
1 1964 2
1 1966 5
1 1946 2
1 1948 5
2
1 1950 4
1 1947 5
1 1950 5
2
2
1 1969 1
2
2
1 2017 5
2
1 2023 1
1 2062 2
1 2066 1
1 2068 2
2
2
1 2066 5
2
1 2065 2
2
1 2064 1
1 2112 4
1 2132 5
2
1 2129 5
2
1 2127 3
2
2
2
2
2
2
1 2214 1
2
2
1 2233 1
1 2238 2
2
2
1 2236 5
1 2235 4
2
1 2234 4
1 2236 3
1 2234 1
2
1 2234 4
2
2
1 2236 1
1 2238 1
1 2275 5
1 2870 1
1 2445 5
2
2
1 2445 4
2
2
1 2445 1
1 2443 4
2
1 2446 5
2
2
1 2448 2
1 2310 2
1 2308 5
1 2301 1
1 2301 4
1 2303 4
1 2302 4
1 2393 2
2
1 2428 2
1 2425 2
2
2
1 2425 2
2
1 2429 2
1 2417 5
1 2412 2
2
1 2411 4
1 2413 1
2
1 2414 3
1 2414 4
2
1 2415 1
2
2
1 2415 4
1 2415 1
1 2419 1
1 2512 1
1 2461 4
1 2458 4
1 2462 4
1 2548 5
2
2
1 2549 2
1 2546 5
1 2525 3
2
1 2523 5
2
2
2
2
1 2522 4
1 2520 3
1 2520 1
2
1 2523 1
1 2523 5
2
1 2521 2
1 2521 2
2
2
1 2523 5
1 2521 2
2
1 2520 3
1 2518 1
1 2521 2
2
1 2518 1
1 2520 3
2
1 2520 2
1 2573 4
2
1 2577 1
1 2557 4
1 2555 1
2
1 2596 4
1 2593 5
1 2593 2
1 2647 1
2
1 2645 5
2
2
1 2647 3
2
2
2
2
1 2650 5
2
2
1 2649 5
1 2688 5
1 2744 4
2
2
1 2742 2
1 2749 4
2
2
1 2751 3
2
1 2746 2
1 2750 3
1 2749 4
2
1 2748 4
2
1 2778 4
2
1 2781 2
1 2786 3
1 2783 1
2
1 2843 1
1 2806 1
2
1 2807 5
1 2810 4
1 2807 5
2
2
1 2809 1
1 2809 5
2
1 2810 1
1 2810 5
1 2826 5
2
1 2827 1
1 2825 3
2
1 2861 5
1 2860 2
1 2859 3
1 2861 1
1 2863 3
1 2860 5
1 2860 2
1 2860 1
2
2
1 3021 2
1 3021 1
1 3022 2
1 2902 2
1 2908 5
1 2909 5
1 2910 2
1 2911 4
1 2910 4
1 2933 5
1 2931 4
2
2
1 2930 5
1 2926 2
1 2924 4
2
2
1 2964 1
2
2
1 2963 3
2
1 2963 1
1 2963 3
2
1 2968 3
2
1 2966 4
1 2964 2
2
2
1 2949 1
2
2
1 2955 1
2
2
1 3054 3
1 3025 2
2
1 3025 1
1 3027 5
1 3023 2
1 3026 3
1 3028 1
1 3027 2
2
2
2
1 3029 2
1 3042 4
2
1 3037 3
1 3085 5
1 3081 3
2
1 3085 1
1 3127 1
1 3099 2
1 3100 5
2
2
2
2
2
2
2
2
2
1 3098 4
1 3099 1
2
1 3101 2
1 3103 4
1 3106 2
1 3118 1
1 3117 2
1 3117 4
1 3116 4
1 3113 5
2
1 3113 3
1 3115 2
2
1 3114 3
1 3116 4
2
1 3114 4
1 3114 1
1 3114 1
1 3113 3
2
1 3112 5
1 3115 4
1 3114 2
1 3112 1
2
1 3110 1
1 3114 4
2
2
1 3109 5
2
2
2
1 3109 1
1 3302 1
1 3302 3
2
1 3301 2
2
2
1 3305 3
2
2
1 3174 3
2
2
2
2
1 3172 1
1 3172 2
1 3175 4
1 3173 2
1 3171 4
1 3172 3
1 3171 3
1 3173 2
1 3172 1
1 3175 5
1 3177 1
1 3179 1
2
2
2
1 3182 3
1 3185 4
2
2
1 3186 5
1 3188 1
1 3183 5
1 3190 1
2
2
1 3184 2
2
2
2
1 3185 4
2
1 3183 4
1 3179 1
1 3179 4
1 3176 4
2
1 3174 5
2
1 3175 5
1 3172 5
1 3174 3
1 3175 3
2
1 3176 5
1 3176 3
1 3183 2
2
1 3179 3
2
2
1 3185 5
1 3187 5
1 3216 1
1 3224 2
1 3222 5
2
2
2
1 3225 3
1 3224 2
2
2
1 3225 3
2
1 3223 5
2
2
2
1 3221 5
1 3221 2
2
2
1 3220 1
2
1 3225 2
1 3267 5
1 3264 1
2
2
1 3268 5
2
1 3239 2
1 3238 2
1 3239 1
1 3242 2
2
1 3257 4
1 3260 5
1 3258 5
1 3261 5
1 3284 5
1 3286 1
1 3289 2
1 3290 5
1 3288 3
1 3287 4
1 3285 1
2
2
2
2
2
2
2
1 3289 5
2
1 3282 5
1 3350 4
2
1 3353 3
2
2
1 3350 5
1 3351 1
1 3395 1
1 3397 2
2
2
2
1 3393 5
1 3395 2
2
1 3399 4
1 3399 3
2
2
2
1 3427 1
2
1 3458 3
2
2
1 3455 4
1 3455 3
1 3453 4
1 3500 1
1 3502 3
2
2
1 3501 3
2
2
1 3582 1
1 3586 2
1 3582 2
1 3624 5
1 3652 2
1 3650 3
1 3724 1
1 3726 5
1 3726 3
1 3721 3
2
1 3720 1
2
1 3719 3
2
1 3718 1
1 3775 5
1 3778 2
1 3775 4
2
1 3775 3
1 3775 2
1 3773 2
1 3814 1
1 3814 5
1 3845 5
1 3868 5
1 3871 3
2
1 3870 1
1 3870 1
2
1 3869 4
1 3871 2
2
2
1 3897 5
1 3897 2
2
1 3896 5
1 3903 1
1 3899 2
1 3899 4
1 3897 5
2
1 3936 1
2
1 3932 4
1 3928 1
1 3937 4
2
1 3959 2
1 3957 2
2
1 3976 5
2
1 3995 3
1 3997 3
2
2
1 3999 3
2
1 4040 1
1 4038 5
1 4037 3
1 4048 2
2
2
1 4072 3
1 4071 5
2
1 4071 4
2
1 4062 3
2
2
1 4058 1
1 4063 4
2
2
1 4066 2
1 4081 3
1 4112 1
2
2
1 4109 5
2
1 4106 1
1 4108 3
1 4112 5
2
2
1 4095 3
1 4096 4
1 4093 5
2
2
1 4095 3
2
1 4096 3
1 4101 5
1 4101 1
1 4098 3
2
2
1 4101 3
2
1 4099 1
1 4097 1
1 4100 4
1 4199 1
1 4198 4
1 4199 4
1 4198 5
1 4197 1
2
1 4193 4
1 4188 5
2
1 4184 5
1 4171 4
1 4171 1
1 4172 2
1 4173 2
1 4216 2
1 4218 5
2
1 4221 4
2
1 4219 4
2
2
1 4216 3
1 4214 3
2
2
1 4244 1
2
1 4296 1
1 4300 2
1 4449 3
1 4448 4
2
1 4446 1
1 4445 1
1 4377 4
1 4378 1
1 4374 2
1 4375 5
1 4378 4
2
1 4377 3
1 4376 3
2
1 4330 5
1 4333 2
1 4352 2
1 4351 5
1 4351 3
1 4352 1
2
2
1 4356 1
1 4368 2
1 4372 4
1 4369 4
1 4373 3
1 4410 5
2
1 4408 4
2
1 4433 4
1 4420 5
2
2
1 4423 4
1 4424 3
1 4424 5
2
1 4445 4
2
1 4443 2
2
2
1 4518 5
1 4521 4
1 4483 5
1 4486 5
1 4488 4
1 4486 2
1 4483 5
1 4487 5
2
1 4486 1
2
1 4457 4
2
2
2
2
2
1 4455 3
1 4501 1
1 4500 1
1 4498 5
2
2
1 4498 5
1 4501 1
1 4501 1
1 4496 1
2
2
1 4497 4
1 4561 5
1 4564 2
1 4563 4
1 4540 4
1 4542 1
2
1 4541 5
1 4541 1
1 4540 3
1 4541 4
1 4540 4
1 4542 5
1 4542 1
1 4545 4
2
1 4587 2
2
1 1154 1
2
1 1150 5
1 1156 1
1 1157 1
1 145 3
2
1 148 5
1 26 3
1 30 1
2
2
1 94 5
1 94 1
1 131 2
2
1 128 1
2
1 131 2
1 133 1
2
1 134 3
2
1 133 2
2
1 131 4
1 130 5
2
1 132 4
2
1 131 5
2
1 129 2
1 129 2
1 128 3
2
1 129 2
2
2
1 124 1
1 128 3
2
1 128 2
1 136 3
2
2
1 136 3
1 137 3
2
2
2
1 127 1
2
1 127 2
1 129 4
1 129 5
2
1 131 5
1 132 4
1 128 3
1 129 4
2
2
1 128 1
1 126 1
1 128 2
1 130 5
1 129 5
2
2
2
1 126 2
1 218 3
1 218 5
1 221 1
1 221 3
1 159 4
2
2
1 161 2
2
1 164 2
2
1 165 2
2
1 163 5
1 169 3
1 170 1
1 171 2
1 167 5
1 168 5
1 171 5
1 207 2
1 205 3
1 253 1
2
2
2
1 258 1
1 256 1
1 256 3
2
1 256 4
2
2
2
1 257 5
1 238 1
1 232 4
1 220 5
1 221 3
1 225 3
1 221 2
2
1 221 4
2
1 221 5
2
2
1 226 3
2
2
2
1 280 5
2
2
2
1 282 1
1 286 4
2
2
1 286 3
1 284 5
2
1 283 4
2
2
1 284 3
1 282 5
2
1 427 2
1 434 4
2
2
2
1 304 2
1 305 4
1 304 3
1 309 2
1 337 4
1 372 5
1 373 5
2
1 385 5
1 383 3
1 392 2
2
1 389 4
1 386 2
2
1 389 4
1 386 4
2
2
2
1 389 2
1 384 2
1 382 5
1 382 4
1 384 2
1 380 5
1 380 1
1 385 3
1 384 2
2
1 383 1
2
1 384 5
1 388 4
1 386 1
1 384 4
1 391 5
1 388 1
2
2
2
1 391 3
2
1 390 4
1 395 5
1 391 1
1 395 2
2
1 394 5
1 393 2
1 396 1
1 393 5
1 387 5
1 389 1
1 396 2
1 395 5
1 395 5
1 390 4
1 395 5
1 395 5
1 393 5
2
2
1 390 4
1 391 5
1 385 1
2
1 404 2
1 407 1
1 403 4
1 405 1
2
1 406 3
1 405 3
2
1 403 2
2
1 445 3
1 446 5
2
1 442 5
2
1 444 4
1 445 5
2
2
2
1 441 1
2
1 443 4
2
1 447 4
1 475 1
2
1 477 5
1 492 3
1 491 3
2
1 489 3
1 543 4
1 545 2
1 547 5
1 546 4
2
2
1 548 4
1 550 2
2
1 552 2
2
2
2
2
1 555 3
1 553 3
1 548 3
2
1 547 5
2
1 547 1
1 865 5
2
1 720 1
1 647 5
1 646 1
1 648 2
1 645 1
1 645 4
2
2
1 645 4
2
2
1 649 5
1 649 1
1 649 4
1 646 4
2
1 644 4
2
2
2
2
2
1 589 4
2
1 589 4
2
1 593 4
1 599 1
1 589 4
1 589 5
1 590 2
1 595 4
1 597 5
1 604 2
1 605 5
2
1 607 2
2
2
2
1 611 2
1 614 2
2
2
1 610 4
1 609 2
2
2
2
1 608 3
2
1 612 1
2
2
1 610 5
2
1 614 1
1 612 1
2
1 611 2
1 609 4
1 608 1
2
2
1 611 4
1 614 5
1 615 5
2
1 637 4
1 634 5
1 681 4
1 692 2
2
1 712 3
1 710 1
2
1 705 3
1 708 3
2
2
1 709 4
1 711 2
1 712 3
1 712 5
2
2
2
2
2
2
2
2
1 709 1
2
1 711 3
2
1 707 3
1 705 2
2
2
2
1 709 3
1 706 2
2
2
1 742 2
1 745 1
1 743 1
1 749 3
1 750 5
2
2
2
1 752 3
2
1 750 2
2
1 746 4
1 747 1
1 749 2
2
1 750 1
2
1 749 2
2
2
1 752 5
1 759 2
2
1 808 1
2
2
2
2
2
1 807 3
2
1 807 5
2
2
2
2
2
1 807 1
2
1 806 3
2
1 806 3
1 803 3
2
1 805 4
2
1 802 3
1 805 1
2
2
1 801 2
2
1 799 4
1 800 4
2
2
2
2
2
1 858 1
1 858 3
1 861 4
1 859 3
1 863 2
2
2
1 862 1
1 863 5
2
1 863 5
2
2
1 861 1
2
2
2
2
1 863 1
1 928 3
1 928 3
1 928 3
2
2
1 929 5
2
1 949 2
1 952 2
1 957 1
1 957 2
1 953 3
2
1 955 2
2
2
2
1 958 5
2
1 959 2
2
1 981 3
1 981 5
2
2
1 985 4
1 986 1
2
1 992 3
2
2
2
1 987 3
2
2
1 987 4
1 993 2
1 1077 5
1 1083 3
1 1041 1
1 1043 3
2
2
1 1040 1
2
2
1 1039 2
2
1 1035 3
1 1038 1
2
2
1 1033 3
1 1021 2
1 1020 4
1 1024 5
2
2
2
2
1 1022 2
1 1020 4
2
2
1 1020 3
2
2
1 1039 5
1 1039 1
1 1124 2
1 1118 5
2
1 1123 1
2
1 1123 4
2
1 1127 2
1 1124 4
1 1128 4
2
1 1130 4
1 1141 2
1 1139 4
1 1138 3
2
2
2
1 1143 4
1 1219 5
1 1219 5
1 1222 2
2
1 1218 1
1 1170 1
1 1171 1
2
2
2
1 1170 2
1 1168 1
1 1171 1
2
2
1 1172 1
1 1170 3
1 1172 2
2
2
1 1169 3
1 1203 2
1 1205 5
1 1203 1
1 1199 5
1 1205 2
1 1206 5
2
1 1204 3
2
2
2
1 1202 2
1 1201 4
1 1200 5
2
2
2
2
2
1 1202 3
1 1205 1
1 1198 3
2
1 1198 1
2
1 1198 5
2
2
1 1205 2
1 1204 5
1 1202 1
2
1 1204 5
2
1 1205 4
2
2
1 1209 3
1 1260 1
1 1228 1
1 1228 2
1 1251 4
1 1250 1
2
2
1 1249 4
1 1248 1
1 1264 3
1 1266 4
2
1 1282 3
2
1 1284 4
2
2
1 1283 2
1 1281 2
1 1280 5
2
1 1284 2
2
2
1 1364 5
1 1366 2
2
1 1364 2
1 1366 5
2
1 1361 2
2
1 1305 4
1 1304 5
2
1 1303 3
1 1300 5
2
2
1 1302 1
2
2
1 1297 5
2
1 1301 5
1 1302 4
1 1340 3
2
1 1342 1
2
2
1 1343 1
1 1340 2
1 1340 1
2
1 1344 5
1 1342 3
1 1339 4
1 1343 4
2
1 1340 2
1 1340 3
1 1384 5
1 1388 1
2
1 1391 5
2
1 1393 3
1 1392 3
1 1390 5
1 1392 5
1 1394 2
2
2
2
1 1397 3
2
2
2
1 1388 3
1 1394 5
1 1399 3
1 1399 4
1 1395 4
1 1399 5
2
2
1 1400 2
2
1 1396 5
1 1395 4
1 1397 4
1 1491 3
1 1518 2
2
1 1515 4
1 1514 3
2
1 1516 3
1 1512 3
2
2
1 1560 4
1 1564 2
1 1563 1
1 1565 5
1 1565 2
2
2
1 1568 2
2
1 1569 1
2
2
2
1 1567 5
2
2
2
2
1 1568 3
1 1569 1
1 1568 2
1 1566 4
1 1566 5
1 1547 5
1 1546 4
1 1552 2
2
1 1552 3
2
2
1 1748 4
2
2
1 1746 1
1 1745 1
1 1743 5
1 1746 3
1 1748 4
1 1744 4
2
1 1742 4
1 1740 4
2
2
1 1735 5
1 1751 2
1 1754 3
1 1758 3
1 1753 1
2
2
1 1759 5
1 1753 5
1 1752 2
1 1753 5
1 1754 4
1 1754 5
1 1753 4
1 1757 5
2
1 1809 2
2
1 1809 1
2
1 1807 2
1 1806 3
1 1808 2
1 1806 4
2
1 1810 5
2
1 1819 4
1 1817 3
1 1824 1
1 1823 4
1 1822 5
2
1 1823 4
1 1825 4
1 1826 4
1 1891 1
1 1889 1
2
1 1888 1
2
2
1 1900 5
2
2
1 1896 2
2
2
2
1 1893 3
1 1892 1
2
2
1 1894 3
2
2
1 1912 2
1 1912 3
1 1912 5
2
2
1 1910 4
1 1908 5
1 1963 5
1 1965 3
1 1966 5
1 1967 5
1 1969 5
2
1 1968 1
1 2003 5
1 2004 2
1 2005 1
1 2005 3
1 2003 2
1 2004 1
1 2003 2
1 2005 5
1 2007 4
2
2
2
2
1 2047 1
2
1 2046 1
1 2045 3
1 2044 4
2
2
1 2045 3
2
1 2043 5
1 2042 3
2
2
2
2
1 2037 1
2
1 2037 5
1 2042 1
1 2041 3
2
1 2039 3
1 2067 5
1 2069 4
1 2067 5
1 2070 2
1 2071 2
1 2073 3
1 2073 4
1 2077 2
1 2078 1
2
1 2077 2
1 2075 1
1 2117 5
1 2117 1
2
1 2119 5
1 2119 4
1 2116 2
1 2115 4
1 2119 2
2
1 2115 4
2
2
2
1 2118 4
2
1 2123 1
2
1 2127 4
1 2125 4
1 2121 2
1 2124 3
2
2
2
1 2130 3
2
1 2162 4
2
1 2267 4
2
1 2867 3
2
1 2868 3
1 2869 3
1 2872 5
1 2873 2
1 2443 1
1 2439 4
1 2438 4
2
1 2325 4
2
1 2319 2
1 2409 2
2
1 2411 2
2
2
2
1 2424 4
1 2419 5
1 2428 1
1 2424 1
2
2
2
1 2425 3
1 2425 1
2
2
1 2422 1
1 2416 4
2
1 2413 5
2
2
1 2415 4
2
1 2412 1
2
1 2411 2
1 2410 2
2
2
1 2478 1
1 2479 2
1 2479 4
1 2478 3
1 2447 2
2
1 2521 5
1 2524 5
1 2525 3
1 2518 3
1 2517 1
2
1 2521 4
2
1 2520 1
1 2567 2
2
1 2565 2
2
1 2654 2
1 2653 2
2
2
1 2647 2
2
2
1 2643 5
2
1 2642 5
1 2596 1
1 2597 4
2
1 2595 4
2
1 2599 5
1 2596 4
1 2597 3
1 2600 5
1 2597 4
1 2596 3
2
2
1 2598 2
2
2
1 2597 4
1 2597 2
1 2599 3
1 2599 2
1 2596 3
2
1 2597 3
2
1 2598 4
1 2599 4
2
1 2598 1
2
1 2598 3
1 2599 1
2
2
1 2597 2
1 2596 5
1 2596 5
1 2596 1
2
2
2
2
2
1 2596 2
2
1 2600 4
2
2
1 2600 4
1 2606 4
1 2647 5
1 2684 1
1 2680 3
1 2681 1
2
1 2677 2
2
1 2680 5
1 2682 5
1 2708 1
1 2709 3
2
2
2
2
2
2
1 2710 5
1 2710 2
2
1 2709 4
1 2712 2
1 2784 1
2
2
2
1 2784 2
2
2
1 2781 2
1 2779 5
1 2785 2
2
2
2
1 2786 4
1 2793 3
1 2809 1
1 2812 1
1 2817 3
1 2817 4
1 2819 5
2
2
1 2811 2
2
1 2805 5
1 2855 1
1 2925 1
1 2927 2
2
1 2923 4
2
2
1 2962 4
2
1 2962 3
2
2
2
1 2967 1
1 2953 5
1 2974 2
1 2993 2
2
1 2990 2
2
1 2990 1
1 2995 2
2
1 2994 3
1 2997 5
1 3000 2
2
1 2991 5
2
1 2994 4
1 3052 3
2
2
1 3054 1
1 3057 2
1 3035 1
1 3042 3
2
1 3100 2
1 3127 3
1 3125 2
1 3128 3
1 3126 4
1 3125 5
1 3129 4
2
2
1 3129 2
1 3127 3
1 3125 2
1 3126 3
2
1 3119 4
2
2
1 3121 5
1 3126 5
1 3152 5
2
2
2
1 3229 2
1 3241 3
1 3258 3
2
1 3259 5
1 3285 5
1 3284 2
1 3288 1
1 3284 1
1 3275 5
2
1 3372 4
1 3337 4
2
2
1 3337 3
1 3339 4
2
2
2
1 3336 4
2
2
2
2
1 3338 2
2
1 3335 3
1 3339 2
2
1 3336 3
2
2
1 3319 4
1 3316 2
1 3327 3
1 3326 2
1 3326 2
2
1 3328 5
1 3328 2
2
1 3326 3
2
2
1 3328 3
1 3328 4
2
1 3327 5
1 3326 2
1 3324 4
1 3326 2
2
1 3324 4
1 3326 4
1 3327 3
1 3328 4
2
2
2
2
1 3328 2
1 3328 5
1 3328 2
1 3327 2
2
1 3326 1
1 3326 2
2
1 3330 3
1 3368 5
2
2
1 3370 5
2
1 3364 4
1 3411 5
1 3393 4
2
1 3389 3
2
2
1 3395 1
2
2
2
1 3394 3
1 3395 1
1 3393 1
1 3406 1
1 3405 3
2
1 3406 5
1 3409 4
1 3431 4
2
2
2
2
1 3433 3
1 3588 5
2
1 3587 5
2
1 3590 3
2
1 3586 2
1 3591 1
2
1 3586 4
1 3590 5
2
1 3593 4
2
1 3593 1
2
2
1 3593 2
1 3590 1
1 3587 3
1 3587 2
1 3587 1
1 3586 5
1 3593 2
1 3589 4
1 3484 2
1 3479 4
1 3511 4
1 3511 3
1 3513 4
1 3536 3
1 3538 4
2
1 3535 4
1 3543 5
2
2
1 3545 4
1 3545 5
1 3612 3
2
2
1 3611 3
1 3613 2
2
1 3609 1
2
1 3608 2
1 3612 5
2
1 3615 3
2
1 3613 2
1 3614 1
2
2
2
1 3616 5
2
2
2
2
1 3616 1
1 3614 3
2
1 3614 1
1 3618 2
1 3592 1
1 3638 3
1 3640 2
2
2
2
2
1 3637 5
1 3768 3
2
1 3766 2
1 3763 4
2
1 3767 1
2
1 3768 5
1 3771 5
1 3749 1
1 3750 1
1 3748 4
2
2
2
1 3753 5
1 3749 5
2
1 3749 4
1 3747 2
1 3755 1
2
1 3749 2
2
2
2
2
1 3796 1
1 3796 2
2
1 3793 1
1 3799 5
1 3796 2
1 3799 5
2
2
2
2
1 3794 1
1 3799 2
1 3802 5
2
2
1 3805 3
1 3837 2
1 3835 2
1 3839 5
1 3941 5
2
2
2
1 3947 5
1 3943 5
1 3947 5
1 3943 4
1 3943 5
1 3948 4
1 3947 4
1 3944 5
1 3946 4
1 3943 3
2
2
1 3945 4
1 3928 5
1 3930 4
2
1 3927 3
2
1 3933 1
1 3933 1
1 3929 4
1 3932 2
2
1 3930 1
1 3932 1
2
2
1 3932 5
2
2
1 3931 2
1 3928 4
1 3929 3
2
1 3932 4
1 3928 1
1 3927 1
2
2
2
1 3928 5
2
2
1 3932 4
1 3930 5
1 3931 5
1 3931 1
1 3933 3
1 3930 4
2
2
2
1 3933 3
1 3930 1
1 3930 3
1 3931 3
1 3932 2
1 3936 2
1 3938 4
2
1 3938 2
2
1 3941 3
2
2
1 3943 2
2
1 3942 2
1 3964 2
1 3961 4
1 3972 5
1 3974 2
2
1 3982 1
2
2
2
1 3975 1
2
1 3969 5
2
1 3969 5
1 3972 5
1 3975 2
1 4157 5
1 4163 3
1 4158 3
1 4159 1
2
2
1 4160 4
1 4160 1
2
1 4159 5
1 4159 2
1 4158 4
2
1 4161 4
2
1 4162 2
1 4163 1
2
2
1 4054 1
2
2
1 4053 4
1 4051 1
2
2
1 4051 5
2
1 4051 3
1 4054 4
1 4048 5
1 4047 1
2
2
2
2
1 4048 4
1 4051 2
2
1 4051 1
1 4052 1
2
2
2
1 4036 2
2
1 4038 5
1 4038 1
2
1 4041 5
2
1 4027 4
1 4025 5
1 4030 5
1 4026 3
2
2
2
1 4025 4
1 4025 2
2
1 4024 4
1 4026 3
1 4026 4
1 4028 5
1 4023 5
2
1 4047 4
1 4045 5
1 4065 4
2
2
1 4123 1
1 4120 3
1 4126 2
2
1 4122 2
1 4119 2
1 4117 5
1 4119 1
1 4120 4
1 4123 4
2
2
1 4124 2
1 4119 5
1 4142 5
1 4139 5
2
1 4135 5
1 4147 3
1 4148 1
1 4154 5
1 4150 5
1 4183 3
2
1 4187 1
2
2
1 4185 4
2
1 4184 5
1 4186 1
2
2
2
1 4186 3
2
1 4221 2
1 4219 1
2
1 4293 3
1 4296 5
1 4292 2
1 4295 2
2
1 4292 4
2
2
1 4293 4
1 4290 1
1 4292 1
2
1 4292 5
1 4291 5
2
2
1 4293 2
1 4296 3
2
1 4290 5
2
2
1 4320 2
1 4334 3
1 4332 2
1 4331 3
2
1 4329 3
1 4325 1
1 4332 4
2
1 4333 3
2
2
1 4324 4
1 4325 5
1 4324 5
1 4323 3
1 4323 4
2
1 4321 1
2
2
1 4324 3
2
1 4321 2
2
2
1 4324 4
2
2
1 4324 2
1 4328 3
1 4328 3
1 4324 5
2
2
2
1 4326 3
1 4334 5
2
1 4335 4
1 4335 5
1 4334 1
2
1 4333 2
1 4334 2
1 4336 4
1 4335 4
2
2
1 4337 2
1 4338 5
2
1 4338 4
2
1 4340 2
2
1 4340 4
2
1 4337 1
1 4341 2
1 4339 3
1 4343 4
1 4344 1
2
1 4343 1
2
1 4347 3
2
2
2
1 4331 3
1 4335 3
1 4333 2
2
1 4335 4
1 4332 5
2
1 4336 1
1 4336 3
1 4337 3
2
1 4360 5
2
1 4364 1
2
1 4440 3
2
2
1 4435 1
1 4434 1
2
1 4463 2
1 4462 5
1 4463 5
2
2
2
1 4511 5
1 573 3
2
1 571 5
2
2
1 573 3
1 574 3
1 576 4
2
2
1 573 2
1 573 5
1 576 4
2
2
1 571 1
2
1 573 3
1 574 1
1 572 2
1 579 1
2
1 579 4
2
2
2
2
1 575 2
1 574 3
1 141 1
1 142 2
1 144 5
1 144 1
1 141 3
1 143 2
2
1 141 1
2
1 145 2
2
1 143 1
1 143 4
2
1 146 3
1 148 1
1 25 1
2
1 26 1
1 24 4
1 27 5
1 25 3
1 23 5
2
1 23 4
2
2
2
1 24 2
1 27 1
2
2
2
1 28 2
2
2
2
2
1 27 5
1 24 2
1 23 3
1 25 4
1 27 4
1 31 4
1 28 4
2
1 23 5
2
1 40 2
2
2
2
2
1 37 2
1 37 1
2
1 37 4
1 35 2
1 39 5
1 35 2
2
1 36 5
1 34 3
2
2
1 34 2
2
1 43 3
2
1 44 2
2
2
2
1 44 3
2
1 42 4
1 44 3
1 43 2
2
1 41 4
1 44 4
2
1 46 3
1 106 4
2
1 109 1
2
1 108 2
2
1 107 2
1 109 3
1 110 3
2
1 112 2
1 100 2
1 100 3
2
1 107 4
1 125 4
2
1 123 2
1 129 5
2
2
1 122 3
1 122 2
2
2
1 127 4
1 124 3
2
1 125 4
1 118 3
1 117 4
1 219 2
1 221 2
1 219 2
1 219 4
1 216 1
1 220 3
